hi,30,3,2023
hi,30,3,2023
close,30,3,2023
close,30,3,2023
hi,30,3,2023
hi,30,3,2023
true,30,3,2023
clear,30,3,2023
clearly,30,3,2023
transform,30,3,2023
hi,30,3,2023
hi,30,3,2023
hi,30,3,2023
hi,30,3,2023
hi,30,3,2023
hi,30,3,2023
hi,30,3,2023
hi,30,3,2023
key,30,3,2023
hi,30,3,2023
hello,30,3,2023
hi,30,3,2023
hi,30,3,2023
hello,30,3,2023
hi,30,3,2023
hello,30,3,2023
tree,30,3,2023
she,30,3,2023
hi,30,3,2023
hello,30,3,2023
hi,30,3,2023
hello,30,3,2023
she,30,3,2023
he,30,3,2023
she,30,3,2023
hi,30,3,2023
hello,30,3,2023
hello,30,3,2023
hello,30,3,2023
hello,30,3,2023
hi,30,3,2023
hi,31,3,2023
hello,31,3,2023
she,31,3,2023
he,31,3,2023
she,31,3,2023
tree,31,3,2023
chào,31,3,2023
anh,31,3,2023
chào,31,3,2023
cô,31,3,2023
ơ,31,3,2023
hello,31,3,2023
tree,31,3,2023
clone,31,3,2023
select,31,3,2023
noun,31,3,2023
trẻ,31,3,2023
yếu,31,3,2023
yếu tố,31,3,2023
bầu,31,3,2023
đất,31,3,2023
nhảy,31,3,2023
nhót,31,3,2023
o,31,3,2023
o,31,3,2023
á,31,3,2023
ớ,31,3,2023
hi,31,3,2023
true,31,3,2023
hi,31,3,2023
true,31,3,2023
null,31,3,2023
nullpointer,31,3,2023
hi,31,3,2023
hello,31,3,2023
hi,31,3,2023
hi,31,3,2023
hello,31,3,2023
nullptr,31,3,2023
nullptr,31,3,2023
null,31,3,2023
nullptr,31,3,2023
hi,31,3,2023
hi,31,3,2023
null,31,3,2023
hi,31,3,2023
hi,31,3,2023
hi,31,3,2023
null,31,3,2023
null,31,3,2023
null,31,3,2023
null,31,3,2023
null,31,3,2023
null,31,3,2023
null,31,3,2023
null,31,3,2023
null,31,3,2023
nullptr,31,3,2023
null,31,3,2023
nullptr,31,3,2023
nullptr,31,3,2023
null,31,3,2023
nullptr,31,3,2023
hi,31,3,2023
hi,31,3,2023
hi,31,3,2023
true,31,3,2023
ok,31,3,2023
cd,31,3,2023
o,31,3,2023
d,31,3,2023
da,31,3,2023
nullptr,31,3,2023
nullptr,31,3,2023
nullptr,31,3,2023
hi,31,3,2023
bin,31,3,2023
Bin,31,3,2023
anh,31,3,2023
chị,31,3,2023
Bin,31,3,2023
anh,31,3,2023
she,31,3,2023
hi,31,3,2023
hi,31,3,2023
hi,31,3,2023
hi,1,4,2023
hi,1,4,2023
hi,1,4,2023
hideously,1,4,2023
hideously,1,4,2023
hijacking,1,4,2023
hijacking,1,4,2023
high-mindedly,1,4,2023
high-mindedly,1,4,2023
historic,1,4,2023
historic,1,4,2023
hideously,1,4,2023
hideously,1,4,2023
hell,1,4,2023
hell,1,4,2023
hello,1,4,2023
hello,1,4,2023
hell-cat,1,4,2023
hell-cat,1,4,2023
hellinize,1,4,2023
hellinize,1,4,2023
hellenism,1,4,2023
hellenism,1,4,2023
hellkite,1,4,2023
hellkite,1,4,2023
ai đời,1,4,2023
ai đời,1,4,2023
anh hùng,1,4,2023
anh hùng,1,4,2023
an hưởng,1,4,2023
an hưởng,1,4,2023
anh ánh,1,4,2023
anh ánh,1,4,2023
an toạ,1,4,2023
an toạ,1,4,2023
an thần,1,4,2023
an thần,1,4,2023
anh ách,1,4,2023
anh ách,1,4,2023
anh ánh,1,4,2023
anh ánh,1,4,2023
an thần,1,4,2023
an thần,1,4,2023
nullptr,1,4,2023
nullptr,1,4,2023
he,1,4,2023
he,1,4,2023
he,1,4,2023
he,1,4,2023
he,1,4,2023
he,1,4,2023
he,1,4,2023
he,1,4,2023
he,1,4,2023
he,1,4,2023
he,1,4,2023
he,1,4,2023
he,1,4,2023
he,1,4,2023
he,1,4,2023
he,1,4,2023
he,1,4,2023
he,1,4,2023
he,1,4,2023
he,1,4,2023
he,1,4,2023
he,1,4,2023
he,1,4,2023
he,1,4,2023
he,1,4,2023
he,1,4,2023
he,1,4,2023
he,1,4,2023
he,1,4,2023
he,1,4,2023
he,1,4,2023
he,1,4,2023
he,1,4,2023
he,1,4,2023
he,1,4,2023
he,1,4,2023
he,1,4,2023
he,1,4,2023
he,1,4,2023
he,1,4,2023
he,1,4,2023
he,1,4,2023
he,1,4,2023
he,1,4,2023
he,1,4,2023
he,1,4,2023
he,1,4,2023
he,1,4,2023
he,1,4,2023
he,1,4,2023
he,1,4,2023
he,1,4,2023
he,1,4,2023
he,1,4,2023
he,1,4,2023
he,1,4,2023
he,1,4,2023
he,1,4,2023
he,1,4,2023
he,1,4,2023
he,1,4,2023
he,1,4,2023
he,1,4,2023
he,1,4,2023
he,1,4,2023
he,1,4,2023
he,1,4,2023
he,1,4,2023
he,1,4,2023
he,1,4,2023
he,1,4,2023
he,1,4,2023
he,1,4,2023
he,1,4,2023
he,1,4,2023
he,1,4,2023
he,1,4,2023
he,1,4,2023
he,1,4,2023
he,1,4,2023
he,1,4,2023
he,1,4,2023
he,1,4,2023
he,1,4,2023
he,1,4,2023
he,1,4,2023
he,1,4,2023
he,1,4,2023
he,1,4,2023
he,1,4,2023
he,1,4,2023
he,1,4,2023
he,1,4,2023
he,1,4,2023
he,1,4,2023
he,1,4,2023
he,1,4,2023
he,1,4,2023
he,1,4,2023
he,1,4,2023
he,1,4,2023
he,1,4,2023
he,1,4,2023
he,1,4,2023
he,1,4,2023
he,1,4,2023
he,1,4,2023
he,1,4,2023
he,1,4,2023
he,1,4,2023
he,1,4,2023
he,1,4,2023
he,1,4,2023
he,1,4,2023
he,1,4,2023
he,1,4,2023
he,1,4,2023
he,1,4,2023
he,1,4,2023
he,1,4,2023
he,1,4,2023
he,1,4,2023
he,1,4,2023
he,1,4,2023
he,1,4,2023
he,1,4,2023
he,1,4,2023
he,1,4,2023
he,1,4,2023
he,1,4,2023
he,1,4,2023
he,1,4,2023
he,1,4,2023
he,1,4,2023
he,1,4,2023
he,1,4,2023
he,1,4,2023
he,1,4,2023
he,1,4,2023
he,1,4,2023
he,1,4,2023
he,1,4,2023
he,1,4,2023
he,1,4,2023
he,1,4,2023
he,1,4,2023
he,1,4,2023
he,1,4,2023
he,1,4,2023
he,1,4,2023
he,1,4,2023
he,1,4,2023
he,1,4,2023
he,1,4,2023
he,1,4,2023
he,1,4,2023
he,1,4,2023
he,1,4,2023
he,1,4,2023
he,1,4,2023
he,1,4,2023
he,1,4,2023
he,1,4,2023
he,1,4,2023
he,1,4,2023
he,1,4,2023
he,1,4,2023
he,1,4,2023
he,1,4,2023
he,1,4,2023
he,1,4,2023
he,1,4,2023
he,1,4,2023
he,1,4,2023
he,1,4,2023
he,1,4,2023
he,1,4,2023
he,1,4,2023
he,1,4,2023
he,1,4,2023
he,1,4,2023
he,1,4,2023
he,1,4,2023
he,1,4,2023
he,1,4,2023
he,1,4,2023
he,1,4,2023
he,1,4,2023
he,1,4,2023
he,1,4,2023
he,1,4,2023
he,1,4,2023
he,1,4,2023
he,1,4,2023
he,1,4,2023
he,1,4,2023
he,1,4,2023
he,1,4,2023
he,1,4,2023
he,1,4,2023
he,1,4,2023
he,1,4,2023
he,1,4,2023
he,1,4,2023
he,1,4,2023
he,1,4,2023
he,1,4,2023
he,1,4,2023
he,1,4,2023
he,1,4,2023
he,1,4,2023
he,1,4,2023
he,1,4,2023
he,1,4,2023
he,1,4,2023
he,1,4,2023
he,1,4,2023
he,1,4,2023
he,1,4,2023
nullptr,1,4,2023
hi,1,4,2023
hi,1,4,2023
hi,1,4,2023
hi,1,4,2023
hi,1,4,2023
hi,1,4,2023
hi,1,4,2023
hi,1,4,2023
hijacking,1,4,2023
hi,1,4,2023
hi,1,4,2023
hollowware,1,4,2023
hi,1,4,2023
hello,1,4,2023
tree,1,4,2023
1-byte character,1,4,2023
delete,1,4,2023
delivery,1,4,2023
hello,1,4,2023
hi,1,4,2023
anh,1,4,2023
anh ánh,1,4,2023
anh minh,1,4,2023
anh hùng ca,1,4,2023
dang dở,1,4,2023
a phiến,1,4,2023
a,1,4,2023
hi,1,4,2023
hello,1,4,2023
hi,1,4,2023
true,1,4,2023
nullptr,1,4,2023
he,1,4,2023
sheep-hook,1,4,2023
she,1,4,2023
hi,1,4,2023
dasd,1,4,2023
hi,1,4,2023
null,1,4,2023
hi,1,4,2023
